50 30 30
76 51 0
82 41 2
18 13 0
30 81 0
69 29 0
1 33 0
71 5 0
42 16 3
22 60 3
39 100 0
57 24 1
98 77 1
77 44 2
24 83 1
53 100 3
86 13 3
58 91 1
74 53 2
100 27 1
100 66 1
23 94 2
66 31 3
76 50 3
24 19 3
91 19 0
70 89 2
61 25 1
13 99 2
6 13 1
38 16 2
32 92 4
29 91 3
79 53 1
64 58 2
84 88 3
72 70 0
63 70 1
27 62 1
6 60 1
22 91 0
80 88 2
36 73 1
89 24 1
13 17 1
0 34 1
36 42 2
5 19 2
33 23 2
93 40 3
50 30 1
25 34
80 3
76 51
6 16
71 66
83 5
35 84
84 17
25 82
32 86
58 10
33 45
51 91
50 73
70 29
63 100
2 95
45 9
25 44
10 17
90 96
46 59
42 24
73 96
82 67
77 71
83 39
96 76
49 33
63 45
